         10           0          10
         10           0          10
         10           0          10
         10           0          10
         10           0          10
         10           0          10
         10           0          10
         10           0          10
         10           0          10
         10           0          10
         10           0          10
         10           0          10
         10           0          10
         10           0          10
         10           0          10
         10           0          10
         10           0          10
         10           0          10
         10           0          10
         10           0          10
         10           0          10
         10           0          10
         10           0          10
         10           0          10
         10           0          10
         10           0          10
         10           0          10
         10           0          10
         10           0          10
         10           0          10
         10           0          10
         10           0          10
         10           0          10
         10           0          10
         10           0          10
         10           0          10
         10           0          10
         10 6.03961e-16          10
         10 2.30527e-14          10
         10 8.19056e-13          10
         10 2.64111e-11          10
         10 7.66786e-10          10
         10 1.98542e-08          10
         10 4.53189e-07          10
    9.99999 8.98755e-06     9.99998
    9.99982 0.000152002     9.99974
    9.99748  0.00213923     9.99648
    9.97255   0.0242534      9.9619
    9.76211    0.213115     9.69023
    8.41535     1.43651     8.05491
    2.50649     1.60136     2.76254
    1.30162    0.315523     1.46526
    1.04046   0.0393596     1.06308
    1.00385  0.00333842     1.00548
    1.00027 0.000225337     1.00038
    1.00002 1.27752e-05     1.00002
          1 6.22691e-07           1
          1  2.6529e-08           1
          1 1.00086e-09           1
          1  3.3793e-11           1
          1 1.03008e-12           1
          1 2.85549e-14           1
          1 7.25531e-16           1
          1 1.60982e-17           1
          1           0           1
          1           0           1
          1           0           1
          1           0           1
          1           0           1
          1           0           1
          1           0           1
          1           0           1
          1           0           1
          1           0           1
          1           0           1
          1           0           1
          1           0           1
          1           0           1
          1           0           1
          1           0           1
          1           0           1
          1           0           1
          1           0           1
          1           0           1
          1           0           1
          1           0           1
          1           0           1
          1           0           1
          1           0           1
          1           0           1
          1           0           1
          1           0           1
          1           0           1
          1           0           1
          1           0           1
          1           0           1
          1           0           1
          1           0           1
          1           0           1
          1           0           1
          0           4           0
          0           4           0
          0           4           0
          0           4           0
          0           4           0
          0           4           0
          0           4           0
          0           4           0
          0           4           0
          0           4           0
          0           4           0
          0           4           0
          0           4           0
          0           4           0
          0           4           0
          0           4           0
          0           4           0
          0           4           0
          0           4           0
          0           4           0
          0           4           0
          0           4           0
          0           4           0
          0           4           0
          0           4           0
          0           4           0
          0           4           0
          0           4           0
          0           4           0
          0           4           0
          0           4           0
          0           4           0
          0           4           0
          0           4           0
          0           4           0
          0           4           0
          0           4           0
9.02028e-15           4 1.26284e-14
3.45619e-13           4 4.83867e-13
1.11728e-11           4 1.56419e-11
3.24778e-10           4  4.5469e-10
8.39733e-09           4 1.17563e-08
 1.9069e-07           4 2.66966e-07
3.74183e-06           4 5.23856e-06
6.20896e-05     3.99995 8.69248e-05
0.000845353     3.99928  0.00118335
 0.00903518     3.99194   0.0126315
  0.0711179     3.93133   0.0982111
   0.392707     3.58669    0.490272
    1.34519     2.39151     1.41089
   0.589008     1.04745    0.862246
   0.116417    0.520838    0.187927
  0.0151608    0.413528   0.0217813
 0.00131724    0.401125  0.00184765
9.03767e-05    0.400076 0.000126543
5.17922e-06    0.400004 7.25095e-06
 2.5409e-07         0.4 3.55726e-07
 1.0861e-08         0.4 1.52053e-08
4.10099e-10         0.4 5.74139e-10
1.38316e-11         0.4 1.93643e-11
4.20748e-13         0.4 5.89048e-13
1.15721e-14         0.4 1.62009e-14
1.78032e-16         0.4 2.49244e-16
          0         0.4           0
          0         0.4           0
          0         0.4           0
          0         0.4           0
          0         0.4           0
          0         0.4           0
          0         0.4           0
          0         0.4           0
          0         0.4           0
          0         0.4           0
          0         0.4           0
          0         0.4           0
          0         0.4           0
          0         0.4           0
          0         0.4           0
          0         0.4           0
          0         0.4           0
          0         0.4           0
          0         0.4           0
          0         0.4           0
          0         0.4           0
          0         0.4           0
          0         0.4           0
          0         0.4           0
          0         0.4           0
          0         0.4           0
          0         0.4           0
          0         0.4           0
          0         0.4           0
          0         0.4           0
          0         0.4           0
          0         0.4           0
          0         0.4           0
          0         0.4           0
          0         0.4           0
          0         0.4           0
          0           0           0
